66 169
68 191
70 213
72 235
77 256
91 273
109 285
130 295
153 299
175 296
194 285
209 272
220 256
225 236
226 215
229 194
231 174
83 151
95 140
111 137
128 137
145 143
171 144
186 141
202 141
216 145
224 159
159 157
158 171
158 184
158 198
140 209
148 213
157 216
164 213
172 210
105 159
114 154
124 154
133 160
123 160
113 160
178 162
186 157
197 158
205 164
196 164
186 163
116 236
130 231
144 229
155 231
165 229
177 232
188 238
177 247
165 251
155 252
143 250
130 244
122 236
144 235
155 236
165 235
183 238
165 243
155 243
144 242
