578 1255
588 1410
612 1558
654 1695
719 1814
807 1919
911 2004
1031 2067
1168 2083
1305 2056
1421 1990
1528 1900
1617 1788
1676 1658
1709 1508
1726 1352
1724 1189
652 1081
715 999
822 962
935 970
1040 1007
1209 987
1316 935
1435 913
1550 939
1625 1023
1135 1145
1139 1233
1142 1320
1146 1409
1027 1518
1090 1526
1153 1533
1214 1518
1275 1503
782 1203
844 1179
909 1172
976 1196
911 1205
844 1210
1303 1174
1365 1142
1428 1139
1493 1157
1435 1170
1368 1174
948 1730
1023 1674
1103 1640
1159 1651
1213 1633
1292 1658
1374 1710
1298 1789
1226 1828
1166 1838
1104 1834
1026 1802
986 1729
1102 1713
1160 1713
1216 1705
1336 1711
1220 1733
1163 1739
1104 1739
